1000000
96
407
84
621
215
298
637
494
128
502
529
929
369
556
360
542
975
79
793
374
307
118
66
897
974
705
974
67
44
428
536
103
313
9
806
314
159
848
656
584
616
870
517
817
511
544
588
297
299
652
530
432
488
458
823
871
902
870
599
419
344
345
97
718
158
110
495
662
361
383
654
671
113
584
4
764
248
749
794
710
424
105
922
631
30
416
128
821
378
65
935
706
186
200
405
228
398
777
906
958
402
117
710
505
762
648
347
54
545
152
990
554
731
612
730
845
172
685
466
516
125
428
689
495
4
272
570
613
967
340
826
231
230
695
741
806
774
976
497
734
771
849
870
961
982
256
810
586
254
865
961
126
38
750
617
151
827
44
159
384
267
301
389
717
408
57
792
528
794
439
424
698
644
471
909
726
339
59
16
743
85
845
673
684
745
233
302
454
879
272
139
590
70
336
775
776
776
696
778
495
804
443
160
673
269
819
334
354
965
259
958
362
644
973
780
472
900
802
966
381
234
247
101
635
164
835
82
103
647
156
463
13
665
939
260
495
712
280
911
529
958
947
85
412
551
166
501
311
176
305
505
699
725
357
773
422
867
410
607
234
338
40
936
836
939
3
543
459
878
939
641
107
273
406
610
488
621
156
287
300
420
478
483
493
987
364
918
450
10
629
850
18
78
302
342
578
685
952
174
926
105
581
143
773
528
891
901
59
91
165
409
781
585
580
449
947
663
856
936
604
217
711
231
594
176
884
767
587
441
774
826
950
33
8
482
281
232
872
604
715
612
605
822
807
921
432
11
518
165
633
48
998
241
430
402
960
101
562
501
110
703
385
64
43
631
42
712
93
719
982
506
333
181
55
988
182
488
462
69
855
520
547
605
663
239
88
267
229
940
129
682
405
959
923
763
631
776
826
26
46
120
287
344
621
531
849
254
57
745
130
378
700
170
624
106
800
10
389
269
821
618
879
651
596
393
356
184
423
580
189
94
127
27
347
646
148
177
874
626
371
958
413
669
17
342
752
577
82
504
295
570
650
80
108
12
547
175
382
516
571
207
849
682
159
490
200
982
757
605
101
686
293
313
458
394
890
877
686
700
645
220
8
797
930
679
608
171
405
749
250
990
54
594
496
109
699
993
8
491
767
138
579
462
861
726
880
736
42
713
435
377
495
861
110
874
303
445
467
875
530
713
20
506
505
658
384
167
983
732
872
429
943
132
631
971
231
249
601
849
616
143
838
729
818
926
668
509
876
972
787
712
959
349
683
578
917
281
574
350
721
227
50
511
228
910
46
451
269
210
330
53
851
257
392
288
233
301
292
532
705
993
490
77
848
450
543
784
253
116
559
814
961
253
730
121
945
82
372
683
610
663
866
953
4
248
347
985
889
745
273
371
478
566
106
268
668
182
531
142
566
492
996
715
205
772
647
892
727
911
574
678
497
435
888
736
806
544
387
842
4
73
581
818
816
471
560
13
135
506
205
655
164
623
262
341
576
991
491
999
263
731
982
354
248
570
409
191
785
734
920
62
802
99
901
515
944
249
282
277
610
723
107
174
251
375
903
832
829
822
867
727
995
941
717
146
663
249
125
922
817
513
645
895
127
610
696
349
291
277
248
906
686
344
939
995
986
248
312
282
523
182
91
608
834
823
48
520
375
438
351
68
486
186
793
586
790
603
661
446
65
691
856
105
240
223
879
245
892
336
273
852
410
69
678
682
552
989
899
997
979
270
51
404
288
642
578
454
659
964
87
298
961
69
778
262
637
646
142
658
413
185
996
45
844
331
804
259
956
673
715
795
85
56
344
882
604
763
89
472
356
846
349
483
291
198
813
632
980
882
637
788
816
438
647
773
436
147
612
67
642
628
126
802
80
164
430
616
580
544
223
303
234
706
850
176
212
65
45
41
43
13
8
829
816
567
381
382
287
869
372
476
228
784
216
432
298
871
51
909
951
783
298
374
107
209
197
607
652
680
378
329
976
923
854
165
165
828
240
814
240
563
693
754
996
624
281
759
809
574
609
266
276
679
251
912
210
265
826
924
58
45
799
326
794
148
257
365
124
336
190
961
621
775
667
494
315
346
889
500
33
234
988
516
383
703
534
442
788
322
122
184
683
788
617
758
460
108
952
434
822
514
216
347
436
532
577
941
323
22
564
76
715
42
68
288
165
444
420
207
863
590
821
640
359
583
233
163
268
517
465
332
874
996
574
384
789
992
786
98
988
310
44
58
86
87
711
603
810
478
761
375
384
774
813
720
116
681
630
434
565
308
951
705
747
469
56
906
792
468
160
410
595
256
539
143
760
456
468
170
838
179
835
634
934
102
103
188
272
817
385
40
347
722
622
937
613
365
756
320
847
179
481
187
419
575
705
515
457
870
126
275
90
934
97
321
637
564
836
559
873
970
30
360
453
460
45
698
239
732
597
557
788
870
956
627
659
715
198
502
709
214
176
727
573
606
92
49
965
899
455
507
216
161
649
742
325
999
643
507
177
893
546
611
589
583
604
831
547
675
29
281
425
549
208
298
220
288
907
723
380
177
548
750
974
787
960
309
118
256
73
995
23
806
900
246
43
133
641
997
315
178
634
369
190
632
494
558
429
200
626
954
507
632
998
532
983
334
294
588
880
155
957
419
257
266
490
530
894
730
858
328
414
946
681
135
855
39
42
558
662
735
776
481
670
431
591
571
477
45
292
40
5
919
49
340
685
637
479
251
992
424
845
33
533
612
697
80
173
69
761
212
431
44
774
550
808
100
529
133
632
282
276
686
417
796
937
366
32
584
246
502
625
723
646
751
789
156
985
425
301
106
114
260
743
71
235
243
305
415
543
546
804
589
212
797
154
704
683
428
739
548
685
198
593
215
939
820
393
616
423
436
803
86
597
323
494
617
213
282
438
669
774
785
618
360
414
449
198
738
60
290
161
438
56
866
802
626
778
680
430
329
236
954
518
0
56
909
12
200
193
900
191
947
465
761
725
708
742
298
411
854
262
980
326
348
929
169
320
115
617
221
625
33
77
291
141
780
177
725
448
391
680
385
185
612
409
164
202
200
716
617
571
302
605
440
188
730
237
150
219
927
86
949
392
479
641
180
38
542
749
51
449
503
370
126
138
405
183
148
649
145
219
411
724
181
789
395
816
700
222
55
636
306
206
542
98
596
463
488
48
983
552
194
91
42
571
804
359
62
67
371
57
963
920
185
142
981
567
611
606
27
606
89
109
743
939
119
369
514
530
29
12
871
51
226
406
967
349
608
303
852
43
556
709
221
481
895
980
441
398
516
977
841
890
357
839
530
610
556
215
902
946
196
660
185
9
31
558
575
399
136
157
668
680
92
997
522
68
992
512
292
322
693
145
956
288
541
832
901
363
870
285
0
738
437
935
321
411
916
681
966
993
851
703
490
260
267
355
834
908
626
799
96
69
781
442
451
37
946
138
236
19
954
751
61
178
423
24
98
907
75
63
842
155
711
26
273
861
990
924
94
553
851
368
383
612
492
799
972
338
283
635
160
545
321
659
560
956
809
819
566
344
921
82
697
577
807
79
151
494
521
345
774
175
317
727
658
940
624
173
343
151
956
45
514
460
757
925
830
99
79
813
165
993
470
190
894
345
25
834
160
633
687
638
941
944
285
121
547
566
109
203
178
738
142
711
796
33
177
196
786
105
345
401
991
177
739
585
619
501
543
364
258
934
636
470
597
70
405
185
229
453
886
502
528
331
656
920
932
130
306
667
633
444
445
401
473
711
156
942
900
636
338
362
116
986
509
926
656
248
823
175
157
943
232
646
27
56
508
303
800
341
229
428
493
490
942
527
777
591
954
504
705
74
923
587
229
207
269
509
677
165
48
953
398
324
65
332
542
988
837
441
425
705
560
284
403
948
202
758
67
53
321
666
722
283
34
478
614
100
213
332
431
376
355
955
544
377
423
780
403
261
320
896
401
38
262
217
931
700
341
592
753
975
439
383
961
673
840
339
227
870
681
165
135
166
649
987
14
984
270
815
205
20
455
374
577
594
663
902
522
276
858
614
761
769
885
358
468
780
450
435
786
913
503
802
349
137
5
877
70
489
592
900
104
735
725
565
857
918
214
899
282
476
517
619
955
957
542
387
449
51
609
657
275
217
411
72
916
738
133
706
6
676
953
443
652
869
438
565
989
802
445
105
80
503
961
390
286
92
28
508
873
570
319
693
725
134
804
71
652
39
473
892
156
846
747
350
556
888
234
548
920
590
142
831
45
645
84
240
890
190
293
896
289
457
751
785
706
477
674
581
98
779
802
473
877
895
420
636
111
520
410
19
230
982
397
858
177
126
768
192
517
33
650
216
553
792
645
780
962
804
772
44
881
773
919
489
747
54
990
287
678
659
276
753
856
488
250
181
473
991
197
196
823
294
720
976
805
809
25
993
127
814
354
333
407
982
268
65
223
566
273
57
949
938
362
571
376
970
302
228
650
55
133
907
993
941
967
174
678
254
209
795
730
389
49
614
990
874
375
321
198
421
710
657
194
758
11
534
158
553
741
164
50
342
659
880
165
882
896
36
162
234
652
897
498
482
280
140
330
237
383
137
322
502
927
385
576
431
351
805
990
149
401
991
802
393
409
291
352
120
129
286
250
338
893
141
755
925
177
871
807
790
349
931
149
477
741
960
943
560
346
277
117
319
415
60
249
522
883
718
731
855
907
62
77
496
567
482
718
566
229
399
384
473
557
24
577
231
11
509
850
55
520
405
305
837
605
68
90
906
431
878
665
738
667
137
454
19
605
930
966
18
0
171
732
940
913
832
562
234
262
558
527
870
118
465
596
184
305
257
712
560
973
743
387
947
21
929
962
940
476
485
132
517
666
120
399
178
244
616
570
48
456
33
898
994
698
17
93
657
764
260
75
769
442
541
672
758
648
676
219
15
362
735
522
881
567
618
768
94
321
122
141
928
739
630
892
421
274
4
568
931
70
140
725
384
594
293
675
138
393
531
751
100
878
72
251
949
3
729
382
231
609
524
795
372
186
821
910
807
806
139
832
930
995
729
643
576
328
976
867
682
103
221
544
81
241
347
29
392
450
684
536
775
261
90
164
365
930
962
820
678
342
746
185
705
814
727
361
397
202
898
38
301
620
122
711
688
796
727
928
168
70
304
884
850
989
307
150
593
861
293
553
995
515
940
529
902
321
888
692
11
429
857
519
142
874
622
969
359
531
353
144
843
895
358
432
444
898
711
101
192
467
604
207
234
494
556
3
54
377
598
170
574
352
691
234
76
131
986
554
23
835
122
336
759
957
391
452
667
458
463
115
610
692
265
614
532
973
984
327
658
556
209
53
215
240
68
322
816
121
504
797
242
323
347
263
423
191
837
327
724
140
578
407
644
178
261
234
167
999
740
841
740
615
809
943
818
830
673
365
986
275
947
310
142
751
162
415
490
212
805
289
765
728
726
917
104
46
925
227
470
907
557
792
68
651
517
81
502
244
5
331
220
605
100
393
50
150
186
295
613
664
913
572
568
557
977
872
784
941
310
862
231
712
187
975
364
85
184
477
10
100
574
65
63
448
829
440
335
129
56
212
439
577
226
58
85
971
332
784
835
938
581
381
105
394
446
701
529
400
179
732
272
180
543
394
35
860
535
344
180
661
667
892
438
488
959
42
541
689
83
466
571
93
16
625
652
992
505
376
50
13
796
63
77
178
580
348
986
96
860
393
342
681
174
451
829
749
123
847
703
509
796
951
954
184
385
42
875
432
737
483
21
932
285
330
279
419
608
611
390
595
488
433
167
136
227
225
604
634
634
303
32
447
198
54
818
675
470
14
749
185
434
36
422
38
83
540
479
61
810
976
697
927
887
938
996
507
315
438
837
614
918
687
500
123
84
718
671
266
631
34
269
287
636
362
402
761
449
41
777
558
34
645
418
817
168
280
837
314
876
780
369
605
481
262
373
427
466
640
897
211
666
394
782
901
39
319
926
974
295
706
479
757
549
891
174
339
7
314
979
416
952
504
148
562
305
371
257
89
145
330
573
666
403
532
648
630
28
592
532
26
635
966
99
286
287
84
327
497
820
636
262
395
648
870
251
300
939
889
128
436
219
759
330
444
574
80
832
892
581
18
675
856
817
310
291
32
102
972
294
959
201
607
196
833
979
585
622
912
580
344
793
773
715
406
977
229
984
503
752
893
776
320
867
991
490
966
16
99
623
503
887
622
60
439
176
901
713
288
106
657
612
417
183
956
441
449
477
410
706
423
861
435
670
603
585
690
627
945
724
173
277
930
474
785
66
54
776
412
110
359
10
205
656
169
540
325
399
13
356
524
755
950
122
885
635
379
678
95
141
601
764
841
530
602
867
836
402
19
982
363
201
658
231
288
356
553
480
712
299
239
25
756
101
412
72
686
641
268
360
444
287
443
427
894
439
487
45
645
275
223
360
343
141
977
282
255
82
813
445
90
987
75
982
824
36
86
821
773
204
131
796
649
407
452
393
922
453
250
345
9
924
751
743
127
915
471
586
594
4
804
2
93
452
267
986
880
580
74
574
215
964
849
564
134
950
529
57
893
799
125
442
830
353
9
903
997
567
924
578
662
795
177
482
366
753
659
476
229
46
134
488
733
951
392
58
923
338
748
911
439
616
176
324
392
796
365
770
428
962
686
560
204
230
234
204
15
136
925
172
68
397
93
421
660
732
448
757
830
440
215
703
355
517
972
490
680
247
719
627
154
827
802
722
350
980
432
6
637
923
352
841
267
201
187
725
308
741
581
726
903
134
882
599
61
22
281
647
68
985
163
860
824
73
916
421
227
774
42
263
132
830
594
75
794
655
65
30
161
248
714
322
229
313
498
934
526
467
342
589
206
0
741
916
738
27
438
985
966
666
115
137
20
440
649
239
99
521
618
385
671
292
33
860
567
116
533
939
179
740
844
460
886
675
274
406
848
745
921
531
813
613
86
602
112
344
691
579
125
752
749
696
233
313
198
980
497
14
870
437
39
434
840
875
16
965
685
36
795
217
614
243
130
998
131
666
490
547
128
374
115
321
42
281
975
610
981
204
513
750
676
684
592
651
750
878
371
542
342
45
394
600
706
250
374
612
513
941
754
308
359
365
283
607
69
837
940
610
775
631
546
510
3
915
172
425
55
498
746
30
944
662
278
338
801
294
746
709
821
717
863
654
809
601
926
821
646
50
403
692
937
154
621
704
667
849
942
764
801
314
689
657
978
56
567
536
201
631
45
988
53
783
470
748
137
489
544
187
881
409
712
692
670
713
232
479
304
5
130
321
163
875
529
506
763
817
99
398
130
215
189
740
479
734
419
705
988
791
886
842
948
803
673
386
436
931
90
77
879
698
410
270
266
968
648
462
927
777
728
125
239
769
290
699
987
98
115
491
664
944
811
852
458
201
770
810
386
66
673
392
574
127
754
807
831
869
211
787
463
721
439
248
885
957
711
691
707
369
386
813
297
297
517
982
742
525
616
421
582
565
555
675
775
843
631
434
586
742
735
439
624
128
436
825
21
437
850
801
630
766
914
728
276
409
979
202
486
660
206
938
588
977
549
745
23
361
862
873
316
304
450
23
648
424
520
774
974
646
29
687
142
706
74
936
635
414
284
106
722
622
356
21
657
946
432
658
622
162
471
549
271
117
950
6
711
98
54
128
816
121
228
107
973
438
645
634
253
750
22
435
286
664
448
216
945
429
221
61
189
571
304
636
531
755
392
167
782
541
703
508
391
256
892
871
197
422
115
104
712
854
545
70
42
351
199
652
50
178
103
180
190
589
710
364
889
983
913
185
365
77
72
420
802
538
101
316
807
608
769
601
864
15
425
730
635
156
713
522
29
471
168
825
956
228
654
862
206
17
431
772
502
85
227
673
748
462
829
799
821
395
450
548
779
552
827
395
756
210
750
307
202
510
274
928
277
890
786
174
836
886
322
833
192
100
798
526
722
544
381
141
34
10
494
122
127
780
335
675
331
267
262
81
273
572
573
980
584
640
426
371
463
932
517
807
663
981
107
196
697
306
473
65
699
814
979
95
826
807
922
837
346
519
9
276
290
377
736
446
253
295
81
893
553
897
525
502
619
183
926
700
26
404
343
926
360
306
38
596
227
30
423
394
618
662
153
789
180
883
996
859
64
939
757
271
992
651
291
193
143
833
169
405
29
492
364
834
788
844
949
56
302
738
796
248
443
493
227
988
318
940
251
706
258
619
92
156
875
613
341
432
244
662
901
293
528
988
27
608
263
405
857
828
208
779
616
4
371
789
535
160
124
820
583
247
435
668
251
240
847
324
961
17
723
933
921
72
540
171
581
181
332
680
77
132
484
890
366
486
121
255
897
221
230
887
607
436
913
166
671
127
551
846
13
64
767
167
82
995
537
961
635
692
636
160
55
306
337
588
163
331
405
893
492
302
865
574
266
939
550
777
949
199
346
277
567
944
209
790
752
360
117
796
73
654
20
766
302
425
267
422
687
899
812
458
623
713
457
444
637
563
598
191
595
480
923
427
607
479
50
208
623
230
36
424
930
457
177
973
249
329
243
13
859
979
866
884
6
46
515
10
2
845
786
482
303
734
959
539
800
705
828
992
430
613
896
451
4
504
10
984
850
377
638
694
184
0
945
26
147
748
558
974
916
835
755
695
132
166
300
575
737
669
157
246
496
308
229
6
354
895
762
102
940
338
772
847
200
615
207
299
678
185
14
39
269
778
117
584
23
88
71
757
176
666
837
142
785
441
347
468
165
723
747
598
499
448
320
759
491
231
109
420
626
322
943
180
428
85
507
513
48
353
226
128
7
554
654
71
142
87
773
493
103
631
866
357
730
245
376
483
100
423
201
168
323
112
646
470
650
480
686
243
66
183
825
834
499
576
696
123
493
573
616
539
494
813
668
899
857
301
84
323
163
832
543
816
33
899
948
71
978
955
670
176
446
660
874
951
348
76
411
653
994
156
436
766
688
502
52
707
683
345
642
249
349
429
42
316
967
555
707
799
836
612
800
971
110
659
353
464
316
386
213
822
654
414
474
944
588
544
262
270
609
24
690
540
852
330
764
960
204
342
502
691
685
40
807
592
365
639
468
282
946
196
587
775
487
816
715
54
905
904
510
493
488
947
767
929
803
568
356
204
426
838
267
840
396
605
584
880
168
381
817
984
93
101
991
767
835
704
10
414
808
260
651
155
444
24
78
732
774
242
220
527
466
630
914
887
284
224
576
677
995
580
948
79
191
72
201
520
60
257
220
469
702
337
655
214
884
494
847
458
302
777
78
668
86
190
732
982
611
755
60
61
358
918
692
561
182
774
839
870
223
595
249
492
621
279
63
846
770
204
362
754
135
692
483
583
835
831
620
729
447
740
739
197
214
809
456
464
236
303
447
965
876
554
263
481
966
953
776
609
854
891
180
869
42
958
163
178
254
259
308
366
246
85
645
715
153
648
353
290
539
617
511
147
489
424
385
410
305
536
22
894
888
785
419
883
115
19
407
333
839
511
283
627
547
310
425
89
684
730
679
129
885
689
769
771
129
403
806
213
51
374
557
548
723
587
722
107
116
855
686
2
617
151
403
198
479
439
416
393
393
993
593
830
701
537
536
992
665
469
460
601
991
544
707
357
925
273
957
175
979
951
364
237
960
962
229
747
690
177
504
778
445
327
922
835
972
368
174
540
694
701
325
259
798
918
315
399
52
497
149
523
442
110
164
539
62
843
823
425
648
504
404
893
511
477
73
606
800
687
823
865
702
157
663
931
721
827
918
623
485
633
71
273
336
705
405
263
436
657
56
470
249
585
203
261
704
693
80
299
132
211
992
449
331
437
32
813
471
89
142
178
714
57
663
483
487
320
481
121
342
923
624
793
559
22
790
626
999
362
890
501
141
504
888
250
380
537
954
629
17
314
681
978
463
455
804
346
260
730
788
242
276
608
937
433
436
327
938
835
486
281
642
670
738
98
990
691
654
345
533
613
168
347
219
59
195
288
525
818
338
882
790
918
485
822
821
736
964
299
772
391
274
6
624
460
455
966
731
237
163
494
928
195
976
190
449
995
412
156
493
275
622
123
517
644
625
831
540
727
494
654
922
520
56
35
515
269
845
584
401
333
857
591
507
949
947
732
393
685
393
672
640
197
67
618
421
440
727
997
874
539
944
702
12
356
539
350
799
334
845
900
883
714
278
56
790
32
177
405
759
46
535
594
651
268
375
983
520
522
894
31
827
215
857
266
79
425
135
249
587
898
946
423
879
178
198
742
118
39
466
61
243
557
83
768
952
286
212
595
240
537
951
489
489
535
484
373
747
407
697
504
514
46
467
69
619
634
407
775
538
656
291
415
437
556
228
37
747
709
773
108
236
564
627
279
684
355
826
661
486
788
252
316
717
326
243
866
83
321
275
155
159
978
192
192
243
822
214
634
671
641
217
261
203
320
2
886
878
73
596
531
366
926
449
787
656
10
601
674
726
582
87
216
675
505
219
635
401
581
616
148
584
17
296
413
416
143
773
837
711
749
989
942
654
217
792
320
161
708
640
38
783
77
834
621
991
313
583
365
321
208
515
746
266
261
477
829
21
216
77
82
373
788
158
707
596
885
223
523
284
638
524
4
689
613
806
214
697
33
809
666
609
33
91
965
997
557
354
332
742
707
427
444
272
760
79
763
81
970
67
66
916
921
7
95
50
208
395
495
520
395
647
166
446
201
127
114
489
717
33
435
223
736
251
585
724
143
693
560
597
506
785
746
672
384
141
124
813
335
758
142
100
353
194
153
221
961
335
732
538
45
854
46
27
292
841
94
511
29
578
170
158
357
638
485
389
914
169
109
321
403
480
593
371
175
786
95
837
20
579
115
297
663
533
308
294
566
256
577
296
172
341
501
509
488
588
955
637
191
447
788
523
459
561
411
273
250
328
784
105
862
178
85
545
19
95
777
772
310
634
244
166
680
681
132
681
244
995
752
783
596
914
178
218
291
99
213
873
424
985
949
57
109
152
74
854
258
451
951
54
92
919
217
619
72
864
473
990
432
328
586
312
63
351
732
879
85
395
743
387
339
277
718
854
715
134
113
876
283
703
988
387
587
504
561
301
739
997
589
642
808
809
693
208
670
2
350
508
90
963
997
190
175
114
797
278
146
199
198
325
548
899
29
742
857
967
98
610
108
442
905
93
320
895
105
566
897
157
133
502
474
446
32
559
142
573
888
957
675
418
284
317
392
474
951
455
40
806
605
690
997
259
606
928
313
579
718
892
596
421
204
205
128
100
600
17
489
931
87
715
405
460
763
961
441
739
297
581
162
489
173
84
750
65
765
681
377
44
858
496
196
627
631
87
538
143
781
994
363
64
417
816
686
631
980
588
78
502
878
863
298
596
757
699
474
419
22
829
365
774
954
662
463
82
878
953
326
917
707
444
148
646
908
523
930
543
362
178
392
823
480
704
546
223
339
44
369
807
33
259
199
725
502
685
188
663
972
50
367
792
947
281
217
330
892
403
351
554
427
578
32
945
377
425
162
671
385
969
887
393
423
644
645
457
899
428
144
970
330
210
534
466
70
331
364
123
721
333
399
479
994
712
274
653
365
889
350
350
835
653
840
412
323
940
945
108
181
337
893
289
525
681
893
939
118
880
196
589
884
567
847
322
42
260
495
383
141
146
26
367
57
617
532
585
609
790
217
181
30
634
221
895
351
846
284
567
193
612
242
34
675
24
366
485
999
771
284
6
575
391
916
308
452
975
444
645
478
436
729
732
811
765
464
246
235
643
742
558
633
353
572
207
425
174
346
29
627
711
247
225
140
66
908
861
987
161
294
942
670
374
142
569
609
434
813
329
904
940
159
498
469
457
97
359
693
449
540
676
92
363
251
400
426
189
51
668
349
898
35
607
341
195
299
811
51
370
392
19
93
715
884
278
825
784
224
926
613
691
291
648
113
393
229
452
540
604
228
757
742
772
429
851
0
861
747
811
246
325
895
906
676
759
762
228
598
932
219
504
734
457
728
409
491
742
587
48
553
311
762
313
15
129
168
521
902
115
908
956
778
112
521
42
299
906
957
920
297
872
744
934
792
354
521
314
704
987
969
836
364
675
994
524
805
544
447
310
271
603
972
857
603
143
417
371
371
628
760
213
141
732
989
816
704
904
166
610
375
574
310
852
149
416
201
363
63
776
520
927
535
503
286
626
586
455
214
790
470
187
212
134
477
453
425
280
293
546
114
228
0
378
95
519
727
817
182
968
347
265
426
284
988
217
325
100
200
533
452
160
381
202
942
726
295
214
832
396
169
380
16
140
132
96
180
792
578
479
495
284
9
739
566
370
838
57
307
749
762
434
985
950
354
179
757
969
747
501
149
888
980
619
647
351
391
248
690
154
367
38
503
146
574
923
933
296
282
109
584
988
613
239
713
450
357
202
645
665
844
764
585
330
245
205
154
234
512
132
76
540
918
925
136
833
870
991
346
807
958
109
380
185
420
160
730
121
981
264
138
567
702
587
820
341
205
592
681
608
218
375
601
787
289
430
607
203
648
832
747
504
47
140
949
944
324
860
847
346
733
639
403
215
704
102
250
204
448
180
223
353
803
964
686
360
562
732
160
618
682
599
211
816
411
52
47
67
512
17
511
558
449
573
161
750
803
991
164
795
738
195
445
932
101
989
803
154
588
169
251
356
101
616
486
908
520
730
54
142
134
841
851
800
880
920
734
453
985
375
812
20
4
924
115
524
513
886
354
744
982
363
893
38
342
543
795
81
909
513
236
522
336
191
467
553
885
618
355
234
189
286
673
737
754
398
424
770
290
536
286
452
431
562
925
499
408
517
819
379
957
604
763
816
258
653
166
504
708
740
256
176
875
618
417
954
6
844
8
325
811
943
641
877
560
191
728
321
391
431
255
367
550
695
578
335
857
334
841
465
657
102
560
335
436
269
578
603
446
21
587
903
952
251
737
808
993
625
154
201
148
0
770
894
745
99
497
227
561
374
98
111
658
113
852
584
156
280
3
653
740
299
831
37
520
845
997
534
343
136
238
556
372
18
656
942
714
321
778
642
889
843
403
957
839
33
134
828
75
14
438
742
305
791
427
348
936
586
473
202
192
252
68
277
453
809
455
33
631
850
596
524
955
528
150
267
551
638
288
564
888
815
800
953
886
846
19
480
199
186
596
649
476
921
669
920
783
218
27
367
868
668
622
894
712
855
501
306
776
772
981
595
741
951
238
395
529
989
778
577
24
491
84
219
641
97
690
393
379
817
500
57
940
961
57
30
636
14
235
851
48
679
453
19
481
534
408
740
460
505
852
99
934
501
763
716
35
46
878
499
605
474
331
902
288
353
238
799
641
755
751
427
70
770
71
398
380
486
854
943
278
941
471
330
46
461
551
118
905
147
161
636
879
84
862
287
58
760
5
368
547
956
282
85
695
935
971
530
499
585
995
109
922
680
987
163
280
663
35
663
401
917
359
637
799
680
685
218
90
305
941
797
106
19
987
423
346
660
502
995
986
672
236
217
585
93
662
505
611
681
567
201
85
412
915
324
939
797
483
890
649
264
388
97
389
444
925
344
386
425
206
567
310
928
393
15
632
529
154
397
565
993
165
180
574
921
998
372
899
396
535
557
767
462
719
760
872
773
995
620
617
73
189
398
114
511
608
777
9
104
900
696
438
53
734
357
83
72
107
439
672
877
983
205
478
582
653
229
736
278
40
192
231
321
739
884
631
748
623
314
495
380
663
704
681
650
169
356
908
483
605
137
187
150
33
486
381
94
519
442
61
993
938
377
170
246
958
323
890
619
5
471
956
828
727
824
787
603
87
470
775
405
322
686
56
989
846
348
667
998
944
238
782
984
282
183
725
422
687
562
984
425
866
998
585
412
109
778
266
729
888
778
884
502
538
130
16
459
303
866
756
841
795
548
52
507
918
118
923
462
494
352
821
702
621
787
101
952
347
525
31
617
563
550
619
108
765
796
271
443
479
918
936
998
853
87
782
341
428
702
596
418
667
901
712
625
446
728
669
36
532
623
180
207
938
957
516
196
632
61
376
438
621
480
101
337
377
494
814
837
833
407
142
64
717
753
651
737
298
416
289
883
478
30
860
797
569
536
754
321
791
194
545
75
352
679
664
103
429
773
479
483
559
995
969
788
458
197
400
60
107
256
744
363
519
771
669
108
447
934
739
368
361
273
501
501
611
376
405
262
147
262
573
549
785
941
66
622
518
96
770
55
494
33
515
502
988
964
517
639
708
955
556
995
885
13
414
730
671
259
826
571
222
691
514
410
805
980
814
91
579
568
760
713
330
289
392
680
786
732
416
744
906
132
129
674
675
175
564
191
665
962
983
148
317
27
66
434
674
126
46
0
777
953
335
420
456
921
687
736
163
304
662
293
111
384
503
175
47
443
913
589
968
165
336
651
15
921
975
550
971
345
760
703
266
609
625
206
627
945
300
227
236
395
627
426
330
126
712
32
264
108
804
806
449
918
191
723
839
819
994
992
212
787
653
948
108
892
89
286
670
937
102
279
337
334
760
122
717
673
187
311
879
181
790
637
118
68
658
400
216
695
75
985
544
109
132
793
901
390
325
990
676
755
173
437
284
128
896
559
166
797
79
649
104
83
948
919
415
33
565
113
835
927
942
977
170
106
107
588
368
123
305
687
874
940
630
403
912
523
505
485
702
38
264
725
838
900
86
71
846
250
548
873
46
335
257
56
721
660
586
228
485
589
674
31
551
344
772
187
321
800
433
487
189
735
109
983
211
100
911
453
910
955
224
139
518
236
289
283
297
730
869
844
324
526
291
646
413
715
516
352
764
955
0
755
725
304
92
427
932
484
169
214
216
164
124
621
158
542
851
592
296
305
195
415
558
110
133
63
634
951
112
945
877
0
252
408
427
444
707
499
107
978
625
507
517
122
534
133
772
281
476
976
920
91
514
671
153
574
872
262
38
952
397
191
398
571
446
854
257
890
570
822
89
257
236
167
429
463
611
311
951
546
233
989
899
52
667
462
142
645
864
875
534
780
228
269
219
405
661
132
636
993
845
150
483
172
392
181
217
49
130
547
468
474
503
222
922
167
493
516
272
821
647
564
306
69
731
569
534
593
284
829
600
196
458
575
358
350
845
302
138
579
28
627
153
453
576
25
622
188
603
678
850
241
621
20
544
661
519
197
638
630
783
0
681
188
154
914
856
293
269
392
1
741
591
909
373
753
912
759
905
174
899
519
283
911
345
921
760
205
165
225
55
939
579
123
219
611
469
0
417
464
273
591
550
324
312
219
435
587
489
70
659
539
572
373
212
516
291
41
563
736
657
483
752
260
113
212
775
124
741
270
3
79
990
60
545
868
133
297
391
909
646
232
393
108
323
172
55
426
349
403
39
26
515
968
829
968
9
388
192
847
305
85
884
63
411
167
78
245
586
184
308
262
816
263
113
75
372
278
54
900
397
761
290
45
2
910
382
489
75
496
604
250
114
642
864
599
933
965
927
607
348
666
543
293
29
332
136
415
771
967
927
703
841
676
993
132
154
8
293
123
279
994
295
882
479
778
112
450
823
824
630
910
90
22
582
561
94
833
456
530
423
361
395
390
84
82
14
805
470
657
874
631
412
570
414
101
90
198
612
938
325
680
138
673
219
218
859
813
983
76
643
576
578
30
952
17
490
206
672
326
777
528
748
877
472
259
488
420
519
381
456
26
150
743
856
367
249
668
853
44
408
104
3
314
870
331
697
752
901
575
77
941
554
977
689
572
443
631
738
115
129
906
325
478
118
9
618
228
214
912
207
513
565
801
815
179
565
669
637
772
536
654
733
274
809
166
845
2
597
822
70
61
113
147
361
991
246
733
720
590
8
668
669
641
448
666
114
54
84
837
460
578
194
739
21
432
878
846
804
776
982
702
265
101
513
649
434
830
273
488
1
133
61
61
124
373
798
98
390
992
993
486
571
708
273
345
305
250
196
733
502
316
822
725
975
766
449
762
692
106
107
22
937
420
168
756
312
628
219
96
754
720
999
413
235
561
147
195
933
679
671
294
780
302
694
166
139
507
991
926
262
148
181
250
667
811
959
788
19
213
289
983
325
382
191
350
667
71
398
667
119
171
613
989
843
222
361
467
858
590
259
474
719
80
634
991
724
231
917
37
978
562
665
696
500
546
159
14
638
752
360
389
507
874
526
719
162
822
146
297
662
100
805
605
923
386
576
480
756
193
649
772
292
119
454
536
152
257
114
623
139
791
779
293
371
976
197
157
465
461
363
65
39
625
949
263
399
996
931
777
345
596
118
786
250
204
208
127
339
43
410
642
819
297
206
122
44
102
47
793
354
670
66
74
238
833
660
906
153
393
289
439
673
315
986
555
529
540
230
341
999
588
843
28
494
161
786
778
30
966
588
98
353
561
517
710
840
502
19
43
18
364
944
834
339
174
349
188
615
334
43
466
274
112
116
114
954
303
600
874
13
330
914
90
783
133
340
244
375
84
281
893
823
826
395
669
630
241
477
274
46
426
332
867
676
254
605
772
476
695
235
74
982
784
458
339
303
986
957
787
59
164
779
67
613
425
833
436
762
932
656
526
834
13
671
443
853
669
982
266
522
529
85
429
566
370
531
514
229
3
503
744
271
583
470
256
55
500
877
848
220
798
286
500
620
265
445
27
982
142
461
594
418
501
437
37
76
724
878
420
601
821
912
411
294
352
884
446
159
554
331
345
811
919
25
560
951
145
263
543
474
12
795
486
627
194
158
211
253
244
469
446
704
854
794
313
796
737
463
776
74
828
685
459
820
823
83
561
350
297
90
417
989
447
340
8
112
411
782
292
439
1
957
794
798
196
825
368
821
486
818
209
447
833
187
511
996
159
476
395
619
653
739
596
239
255
869
407
858
864
529
840
422
905
658
937
823
386
918
578
172
568
779
748
478
153
669
853
57
970
735
912
759
628
314
752
235
273
896
476
243
3
210
193
740
977
812
829
587
633
697
908
590
298
688
72
416
538
26
419
971
307
99
815
281
919
473
26
686
248
994
121
803
372
157
376
903
209
890
287
977
312
347
952
351
283
353
850
210